659 unique spell IDs
152953
153757
153954
154043
154110
154113
154132
154135
154149
154159
154396
156793
159381
159382
181089
244579
244750
245742
246913
246943
248829
248830
248831
249082
373326
374343
374350
374352
376997
377004
377009
377034
377344
377383
377389
377912
377991
378003
378011
385958
386173
386181
386201
386202
387523
387691
388392
388537
388544
388546
388623
388651
388796
388799
388822
388841
388862
388863
388866
388923
388940
388942
388957
388958
388976
388982
388984
389054
389055
390297
390912
390915
390918
390938
390942
390944
396716
439488
465904
465957
466064
466091
466556
466559
467040
467068
467120
467620
467621
467815
468221
468429
468442
468659
468924
468962
468966
470212
470963
471038
471643
471648
471650
472043
472053
472054
472081
472118
472556
472662
472672
472724
472736
472745
472758
472777
472795
472888
473258
473640
473644
473647
473649
473657
473663
473668
473672
473776
473786
473789
473794
473795
473864
473868
474065
474075
474105
474345
474496
474528
1214038
1214081
1214874
1215087
1215897
1216042
1216135
1216250
1216253
1216298
1216419
1216449
1216454
1216459
1216462
1216592
1216637
1216643
1216819
1216822
1216825
1216834
1216848
1216860
1216963
1216985
1217010
1217021
1217087
1217763
1217795
1219224
1219266
1219491
1219551
1223847
1223936
1224104
1224299
1224401
1224903
1225015
1225135
1225193
1225201
1225205
1225792
1225796
1227020
1243752
1243900
1243905
1244907
1245046
1245068
1246446
1246666
1247937
1248007
1248015
1248138
1248219
1248229
1248327
1248689
1248879
1248980
1249014
1249027
1249478
1249479
1249638
1249645
1249789
1249801
1249806
1249815
1249818
1249947
1249948
1249989
1250553
1250708
1250851
1251023
1251024
1251204
1251554
1251567
1251579
1251598
1251626
1251767
1251772
1251775
1251811
1251813
1251833
1252054
1252062
1252076
1252130
1252134
1252204
1252218
1252406
1252414
1252417
1252429
1252436
1252437
1252438
1252548
1252611
1252621
1252622
1252628
1252675
1252676
1252690
1252691
1252704
1252733
1252777
1252816
1252875
1252877
1252883
1252910
1253026
1253224
1253270
1253272
1253367
1253368
1253416
1253446
1253448
1253510
1253511
1253519
1253520
1253538
1253543
1253683
1253686
1253700
1253707
1253709
1253739
1253765
1253779
1253788
1253840
1253844
1253855
1253909
1253950
1253977
1253978
1253986
1254096
1254294
1254301
1254306
1254329
1254332
1254336
1254338
1254355
1254380
1254460
1254475
1254566
1254569
1254595
1254666
1254669
1254670
1254671
1254672
1254676
1254677
1254678
1254679
1254686
1254687
1254689
1254690
1255187
1255208
1255310
1255335
1255377
1255434
1255462
1255472
1255503
1255533
1255765
1255922
1255964
1255966
1256008
1256015
1256047
1256059
1256247
1256387
1256561
1256586
1257088
1257100
1257103
1257105
1257124
1257126
1257155
1257160
1257268
1257328
1257509
1257512
1257524
1257546
1257595
1257601
1257613
1257701
1257716
1257736
1257745
1257746
1257780
1257781
1257782
1257895
1257898
1257914
1257920
1258140
1258152
1258160
1258174
1258205
1258217
1258220
1258431
1258433
1258434
1258435
1258436
1258437
1258439
1258445
1258448
1258450
1258451
1258459
1258464
1258475
1258482
1258681
1258684
1258798
1258802
1258806
1258820
1258826
1258997
1259116
1259132
1259182
1259183
1259188
1259202
1259205
1259226
1259255
1259274
1259359
1259631
1259651
1259664
1259677
1259772
1259777
1259786
1259794
1259810
1259882
1259887
1260648
1260709
1260731
1261299
1261315
1261546
1261799
1261806
1261808
1261847
1261921
1262029
1262084
1262088
1262241
1262335
1262429
1262441
1262506
1262508
1262509
1262510
1262517
1262519
1262522
1262523
1262526
1262527
1262582
1262596
1262630
1262739
1262745
1262750
1262900
1262941
1263000
1263282
1263292
1263297
1263336
1263399
1263406
1263440
1263484
1263492
1263494
1263523
1263528
1263529
1263532
1263538
1263542
1263671
1263716
1263735
1263756
1263766
1263775
1263783
1263785
1263892
1264027
1264036
1264040
1264042
1264048
1264159
1264186
1264196
1264246
1264286
1264287
1264295
1264299
1264327
1264336
1264349
1264354
1264363
1264429
1264453
1264461
1264505
1264532
1264569
1264670
1264678
1264687
1264693
1264951
1264987
1264989
1265419
1265420
1265421
1265426
1265463
1265561
1265689
1265832
1265894
1265977
1265984
1265999
1266001
1266003
1266188
1266381
1266480
1266485
1266488
1266706
1266745
1267207
1267274
1268598
1268646
1268647
1268733
1268916
1269081
1269183
1269220
1269222
1269283
1269468
1269469
1269470
1269631
1270079
1270085
1270098
1270349
1270356
1270618
1271009
1271066
1271074
1271094
1271317
1271388
1271433
1271479
1271511
1271543
1271623
1271676
1271678
1271956
1272433
1273356
1276485
1276632
1276648
1276752
1276948
1276973
1277339
1277340
1277343
1277451
1277556
1277557
1277761
1277799
1278754
1278882
1278893
1278950
1278963
1278967
1278986
1279418
1279517
1279627
1279667
1279668
1279994
1279995
1280065
1280113
1280119
1280326
1280330
1281396
1281634
1281636
1281637
1281657
1281874
1282050
1282051
1282053
1282055
1282244
1282251
1282252
1282272
1282478
1282663
1282664
1282665
1282678
1282679
1282722
1282723
1282745
1282791
1282915
1282944
1282950
1283335
1283357
1283371
1283770
1283901
1283905
1284627
1284633
1284954
1284958
1285445
1285450
1285508
1285509
1287905
